%YAML:1.0
---
K: !!opencv-matrix
   rows: 3
   cols: 3
   dt: d
   data: [ 1430.7831175218885, 0., 468.19643237513196, 0.,
       1407.8990344949184, 369.5876747873059, 0., 0., 1. ]
D: !!opencv-matrix
   rows: 1
   cols: 5
   dt: d
   data: [ -0.59943202626321457, 8.3465882287202948,
       0.052116239703493335, 0.022075500255267808, -56.530238408243278 ]
